#usda 1.0
(
    defaultPrim = "world"
    metersPerUnit = 1
    upAxis = "Z"
)

def Xform "world"
{
    def Xform "kitchen" (
        prepend apiSchemas = ["PhysicsMassAPI"]
    )
    {
        point3f physics:centerOfMass = (0.028713968, 1.2261531, 0.99451184)
        float3 physics:diagonalInertia = (53549.55, 36894.27, 23144.242)
        float physics:mass = 0
        matrix4d xformOp:transform = ( (1, 0, 0, 0), (0, 1, 0, 0), (0, 0, 1, 0), (0, 0, 0, 1) )
        uniform token[] xformOpOrder = ["xformOp:transform"]

        def Cube "geom_1" (
            prepend apiSchemas = ["PhysicsCollisionAPI"]
        )
        {
            bool physics:collisionEnabled = 1
            color3f[] primvars:displayColor = [(0.5, 0.5, 0.5)]
            float[] primvars:displayOpacity = [1]
            matrix4d xformOp:transform = ( (-0.2875, 0, 0, 0), (0, -0.8, 0, 0), (0, 0, 0.01, 0), (1.565, 0.525, 0.84, 1) )
            uniform token[] xformOpOrder = ["xformOp:transform"]
        }

        def Cube "geom_2" (
            prepend apiSchemas = ["PhysicsCollisionAPI"]
        )
        {
            bool physics:collisionEnabled = 1
            color3f[] primvars:displayColor = [(0.5, 0.5, 0.5)]
            float[] primvars:displayOpacity = [1]
            matrix4d xformOp:transform = ( (0.4, 0, 0, 0), (0, 1.225, 0, 0), (0, 0, 0.01, 0), (-1.0655, 1.7492, 0.841, 1) )
            uniform token[] xformOpOrder = ["xformOp:transform"]
        }

        def Cube "geom_3" (
            prepend apiSchemas = ["PhysicsCollisionAPI"]
        )
        {
            bool physics:collisionEnabled = 1
            color3f[] primvars:displayColor = [(0.5, 0.5, 0.5)]
            float[] primvars:displayOpacity = [1]
            matrix4d xformOp:transform = ( (-0.145, 0, 0, 0), (0, -0.25, 0, 0), (0, 0, 0.005, 0), (1.565, -1, 1, 1) )
            uniform token[] xformOpOrder = ["xformOp:transform"]
        }

        def Cube "geom_4" (
            prepend apiSchemas = ["PhysicsCollisionAPI"]
        )
        {
            bool physics:collisionEnabled = 1
            color3f[] primvars:displayColor = [(0.5, 0.5, 0.5)]
            float[] primvars:displayOpacity = [1]
            matrix4d xformOp:transform = ( (-0.28, 0, 0, 0), (0, -0.25, 0, 0), (0, 0, 0.065, 0), (1.555, -1, 1.43, 1) )
            uniform token[] xformOpOrder = ["xformOp:transform"]
        }

        def Cube "geom_5" (
            prepend apiSchemas = ["PhysicsCollisionAPI"]
        )
        {
            bool physics:collisionEnabled = 1
            color3f[] primvars:displayColor = [(0.5, 0.5, 0.5)]
            float[] primvars:displayOpacity = [1]
            matrix4d xformOp:transform = ( (-0.5687999999979974, 0.0000015093563039973429, 0, 0), (-1.9901849999964965e-7, -0.07499999999973594, 0, 0), (0, 0, 1.25, 0), (1.42151, -1.836, 1.25, 1) )
            uniform token[] xformOpOrder = ["xformOp:transform"]
        }

        def Cube "geom_6" (
            prepend apiSchemas = ["PhysicsCollisionAPI"]
        )
        {
            bool physics:collisionEnabled = 1
            color3f[] primvars:displayColor = [(0.5, 0.5, 0.5)]
            float[] primvars:displayOpacity = [1]
            matrix4d xformOp:transform = ( (-0.000010992686391832153, 2.5909999999766815, 0, 0), (-0.07499999999932501, -3.181981780731036e-7, 0, 0), (0, 0, 1.25, 0), (1.91551, 0.68, 1.25, 1) )
            uniform token[] xformOpOrder = ["xformOp:transform"]
        }

        def Cube "geom_7" (
            prepend apiSchemas = ["PhysicsCollisionAPI"]
        )
        {
            bool physics:collisionEnabled = 1
            color3f[] primvars:displayColor = [(0.5, 0.5, 0.5)]
            float[] primvars:displayOpacity = [1]
            matrix4d xformOp:transform = ( (-2.9504999999896118, 0.000007829387789986218, 0, 0), (-1.9901849999964965e-7, -0.07499999999973594, 0, 0), (0, 0, 1.25, 0), (-0.96, 3.196, 1.25, 1) )
            uniform token[] xformOpOrder = ["xformOp:transform"]
        }

        def Cube "geom_8" (
            prepend apiSchemas = ["PhysicsCollisionAPI"]
        )
        {
            bool physics:collisionEnabled = 1
            color3f[] primvars:displayColor = [(0.5, 0.5, 0.5)]
            float[] primvars:displayOpacity = [1]
            matrix4d xformOp:transform = ( (-0.000009015615045404601, -2.1249999999808753, 0, 0), (0.07499999999932501, -3.181981780731036e-7, 0, 0), (0, 0, 0.35, 0), (-3.83549, 1.146, 0.35, 1) )
            uniform token[] xformOpOrder = ["xformOp:transform"]
        }

        def Cube "geom_9" (
            prepend apiSchemas = ["PhysicsCollisionAPI"]
        )
        {
            bool physics:collisionEnabled = 1
            color3f[] primvars:displayColor = [(0.5, 0.5, 0.5)]
            float[] primvars:displayOpacity = [1]
            matrix4d xformOp:transform = ( (1.1366399859914804, 0.00017845247890033123, 0, 0), (-0.000011774999927439507, 0.0749999990756625, 0, 0), (0, 0, 0.35, 0), (-2.77385, -1.02376, 0.35, 1) )
            uniform token[] xformOpOrder = ["xformOp:transform"]
        }

        def Cube "geom_10" (
            prepend apiSchemas = ["PhysicsCollisionAPI"]
        )
        {
            bool physics:collisionEnabled = 1
            color3f[] primvars:displayColor = [(0.5, 0.5, 0.5)]
            float[] primvars:displayOpacity = [1]
            matrix4d xformOp:transform = ( (-0.000002121321187154024, -0.49999999999550004, 0, 0), (0.07499999999932501, -3.181981780731036e-7, 0, 0), (0, -0, 0.35, 0), (-1.61, -1.44851, 0.35, 1) )
            uniform token[] xformOpOrder = ["xformOp:transform"]
        }

        def Cube "geom_11" (
            prepend apiSchemas = ["PhysicsCollisionAPI"]
        )
        {
            bool physics:collisionEnabled = 1
            color3f[] primvars:displayColor = [(0.5, 0.5, 0.5)]
            float[] primvars:displayOpacity = [1]
            matrix4d xformOp:transform = ( (-0.7999999999971834, 0.000002122863999996263, 0, 0), (-1.9901849999964965e-7, -0.07499999999973594, 0, 0), (0, 0, 0.375, 0), (0.05271, -1.876, 0.375, 1) )
            uniform token[] xformOpOrder = ["xformOp:transform"]
        }

        def Mesh "geom_12" (
            prepend apiSchemas = ["PhysicsCollisionAPI", "PhysicsMeshCollisionAPI"]
            prepend references = @./kitchen_with_physics/usd/Shape_IndexedFaceSet.001_Shape_IndexedFaceSet.273.usda@
        )
        {
            uniform token physics:approximation = "convexHull"
            bool physics:collisionEnabled = 1
            color3f[] primvars:displayColor = [(0.5, 0.5, 0.5)]
            float[] primvars:displayOpacity = [1]
            matrix4d xformOp:transform = ( (-0.000003100657508747773, -0.9999899457991738, 0.004484226906801397, 0), (0.9999994633507642, -0.000007746267665087458, -0.001035972093840431, 0), (0.00103599641399084, 0.004484221288149803, 0.9999894091793519, 0), (1.5646649345099484, 1.3144529220771068, 0.4390023823591454, 1) )
            uniform token[] xformOpOrder = ["xformOp:transform"]
        }

        def Mesh "geom_13" (
            prepend apiSchemas = ["PhysicsCollisionAPI", "PhysicsMeshCollisionAPI"]
            prepend references = @./kitchen_with_physics/usd/Shape_IndexedFaceSet.002_Shape_IndexedFaceSet.274.usda@
        )
        {
            uniform token physics:approximation = "convexHull"
            bool physics:collisionEnabled = 1
            color3f[] primvars:displayColor = [(0.5, 0.5, 0.5)]
            float[] primvars:displayOpacity = [1]
            matrix4d xformOp:transform = ( (0, 0, 1, 0), (1, 0, 0, 0), (0, 1, 0, 0), (1.5646645003557205, 0.9533215045928953, 0.09332298845052728, 1) )
            uniform token[] xformOpOrder = ["xformOp:transform"]
        }

        def Mesh "geom_14" (
            prepend apiSchemas = ["PhysicsCollisionAPI", "PhysicsMeshCollisionAPI"]
            prepend references = @./kitchen_with_physics/usd/Shape_IndexedFaceSet.003_Shape_IndexedFaceSet.275.usda@
        )
        {
            uniform token physics:approximation = "convexHull"
            bool physics:collisionEnabled = 1
            color3f[] primvars:displayColor = [(0.5, 0.5, 0.5)]
            float[] primvars:displayOpacity = [1]
            matrix4d xformOp:transform = ( (-0.000014549890814841149, -0.9999005350112617, -0.014103895649540343, 0), (0.002711364475114608, -0.014103883254695582, 0.9998968591708952, 0), (-0.999996324138736, -0.000023692411498021926, 0.002711299999239025, 0), (1.5646645174930474, -0.712623292960826, 0.30598845004583936, 1) )
            uniform token[] xformOpOrder = ["xformOp:transform"]
        }

        def Mesh "geom_15" (
            prepend apiSchemas = ["PhysicsCollisionAPI", "PhysicsMeshCollisionAPI"]
            prepend references = @./kitchen_with_physics/usd/Shape_IndexedFaceSet.004_Shape_IndexedFaceSet.276.usda@
        )
        {
            uniform token physics:approximation = "convexHull"
            bool physics:collisionEnabled = 1
            color3f[] primvars:displayColor = [(0.5, 0.5, 0.5)]
            float[] primvars:displayOpacity = [1]
            matrix4d xformOp:transform = ( (-0.012115618865627287, 0.00003258574452974505, 0.9999266026652519, 0), (0.9999265590160573, 0.0002976603326179106, 0.012115608636555697, 0), (-0.00029724368901529186, 0.999999955168247, -0.000036189690542309805, 0), (1.8261793355315035, -0.1695970883345922, 0.8363519586828145, 1) )
            uniform token[] xformOpOrder = ["xformOp:transform"]
        }

        def Mesh "geom_16" (
            prepend apiSchemas = ["PhysicsCollisionAPI", "PhysicsMeshCollisionAPI"]
            prepend references = @./kitchen_with_physics/usd/Shape_IndexedFaceSet.005_Shape_IndexedFaceSet.277.usda@
        )
        {
            uniform token physics:approximation = "convexHull"
            bool physics:collisionEnabled = 1
            color3f[] primvars:displayColor = [(0.5, 0.5, 0.5)]
            float[] primvars:displayOpacity = [1]
            matrix4d xformOp:transform = ( (-2.220446049250313e-16, 0.028729056459805, 0.9995872354701865, 0), (0, 0.9995872354701861, -0.028729056459805, 0), (-1.0000000000000002, 0, -2.220446049250313e-16, 0), (1.5646639883485225, 1.263295624962559, 0.8342349999111178, 1) )
            uniform token[] xformOpOrder = ["xformOp:transform"]
        }

        def Mesh "geom_17" (
            prepend apiSchemas = ["PhysicsCollisionAPI", "PhysicsMeshCollisionAPI"]
            prepend references = @./kitchen_with_physics/usd/Shape_IndexedFaceSet.006_Shape_IndexedFaceSet.278.usda@
        )
        {
            uniform token physics:approximation = "convexHull"
            bool physics:collisionEnabled = 1
            color3f[] primvars:displayColor = [(0.5, 0.5, 0.5)]
            float[] primvars:displayOpacity = [1]
            matrix4d xformOp:transform = ( (-2.220446049250313e-16, -1.0000000000000002, 0, 0), (1.0000000000000002, -2.220446049250313e-16, 0, 0), (0, 0, 1, 0), (1.5750334882736206, 0.5004700005054474, 0.45967249743640415, 1) )
            uniform token[] xformOpOrder = ["xformOp:transform"]
        }

        def Mesh "geom_18" (
            prepend apiSchemas = ["PhysicsCollisionAPI", "PhysicsMeshCollisionAPI"]
            prepend references = @./kitchen_with_physics/usd/Shape_IndexedFaceSet.007_Shape_IndexedFaceSet.279.usda@
        )
        {
            uniform token physics:approximation = "convexHull"
            bool physics:collisionEnabled = 1
            color3f[] primvars:displayColor = [(0.5, 0.5, 0.5)]
            float[] primvars:displayOpacity = [1]
            matrix4d xformOp:transform = ( (0.0002198120494745215, -0.0016949939112165247, 0.9999985393380852, 0), (0.9999997161049528, 0.0007211160916331671, -0.00021859001897261976, 0), (-0.0007207445295752124, 0.9999983034921727, 0.0016951519400221216, 0), (1.5649922379883563, 0.7012563320741781, 0.8346188063633174, 1) )
            uniform token[] xformOpOrder = ["xformOp:transform"]
        }

        def Mesh "geom_19" (
            prepend apiSchemas = ["PhysicsCollisionAPI", "PhysicsMeshCollisionAPI"]
            prepend references = @./kitchen_with_physics/usd/Shape_IndexedFaceSet.008_Shape_IndexedFaceSet.280.usda@
        )
        {
            uniform token physics:approximation = "convexHull"
            bool physics:collisionEnabled = 1
            color3f[] primvars:displayColor = [(0.5, 0.5, 0.5)]
            float[] primvars:displayOpacity = [1]
            matrix4d xformOp:transform = ( (-2.220446049250313e-16, -0.9996836613469904, 0.025151088164854896, 0), (0, 0.025151088164854674, 0.9996836613469904, 0), (-1.0000000000000002, 0, -2.220446049250313e-16, 0), (1.5646639784096072, -0.7120973839110829, 0.710669839209719, 1) )
            uniform token[] xformOpOrder = ["xformOp:transform"]
        }

        def Mesh "geom_20" (
            prepend apiSchemas = ["PhysicsCollisionAPI", "PhysicsMeshCollisionAPI"]
            prepend references = @./kitchen_with_physics/usd/Shape_IndexedFaceSet.009_Shape_IndexedFaceSet.281.usda@
        )
        {
            uniform token physics:approximation = "convexHull"
            bool physics:collisionEnabled = 1
            color3f[] primvars:displayColor = [(0.5, 0.5, 0.5)]
            float[] primvars:displayOpacity = [1]
            matrix4d xformOp:transform = ( (-0.0001127202407853467, -0.004735577673140291, 0.9999887807361887, 0), (-0.025240616192670845, 0.9996702090263869, 0.004731223874882843, 0), (-0.999681398540736, -0.02523979970684463, -0.00023221196516587383, 0), (1.5705565825359762, 0.39687836043047736, 0.09534256296285187, 1) )
            uniform token[] xformOpOrder = ["xformOp:transform"]
        }

        def Mesh "geom_21" (
            prepend apiSchemas = ["PhysicsCollisionAPI", "PhysicsMeshCollisionAPI"]
            prepend references = @./kitchen_with_physics/usd/Shape_IndexedFaceSet.010_Shape_IndexedFaceSet.282.usda@
        )
        {
            uniform token physics:approximation = "convexHull"
            bool physics:collisionEnabled = 1
            color3f[] primvars:displayColor = [(0.5, 0.5, 0.5)]
            float[] primvars:displayOpacity = [1]
            matrix4d xformOp:transform = ( (0.007782042946714363, 0.0001033471893558402, 0.9999697141048496, 0), (0.9999638908180644, 0.0034135146110337855, -0.007782350416099593, 0), (-0.003414215513730501, 0.9999941686016769, -0.00007677934027139344, 0), (1.3011161962290834, -0.23672573185935747, 0.8363914292129211, 1) )
            uniform token[] xformOpOrder = ["xformOp:transform"]
        }

        def Mesh "geom_22" (
            prepend apiSchemas = ["PhysicsCollisionAPI", "PhysicsMeshCollisionAPI"]
            prepend references = @./kitchen_with_physics/usd/Shape_IndexedFaceSet.011_Shape_IndexedFaceSet.283.usda@
        )
        {
            uniform token physics:approximation = "convexHull"
            bool physics:collisionEnabled = 1
            color3f[] primvars:displayColor = [(0.5, 0.5, 0.5)]
            float[] primvars:displayOpacity = [1]
            matrix4d xformOp:transform = ( (-0.00011630429410436349, -0.0018804520476160547, 0.999998225185129, 0), (0.9999392543916157, -0.011021723677080875, 0.00009557157589412668, 0), (0.011021524397796134, 0.9999374907999414, 0.0018816196922042394, 0), (1.5704219321695925, -0.24924424367484194, 0.09527339700561721, 1) )
            uniform token[] xformOpOrder = ["xformOp:transform"]
        }

        def Mesh "geom_23" (
            prepend apiSchemas = ["PhysicsCollisionAPI", "PhysicsMeshCollisionAPI"]
            prepend references = @./kitchen_with_physics/usd/Shape_IndexedFaceSet.012_Shape_IndexedFaceSet.284.usda@
        )
        {
            uniform token physics:approximation = "convexHull"
            bool physics:collisionEnabled = 1
            color3f[] primvars:displayColor = [(0.5, 0.5, 0.5)]
            float[] primvars:displayOpacity = [1]
            matrix4d xformOp:transform = ( (-2.220446049250313e-16, -1.0000000000000002, 0, 0), (0.9999991788400333, -2.220446049250313e-16, 0.0012815300462813524, 0), (-0.0012815300462813524, 0, 0.9999991788400331, 0), (1.5749751995612211, -0.10093950182083783, 0.4662724120038202, 1) )
            uniform token[] xformOpOrder = ["xformOp:transform"]
        }

        def Mesh "geom_24" (
            prepend apiSchemas = ["PhysicsCollisionAPI", "PhysicsMeshCollisionAPI"]
            prepend references = @./kitchen_with_physics/usd/Shape_IndexedFaceSet.013_Shape_IndexedFaceSet.285.usda@
        )
        {
            uniform token physics:approximation = "convexHull"
            bool physics:collisionEnabled = 1
            color3f[] primvars:displayColor = [(0.5, 0.5, 0.5)]
            float[] primvars:displayOpacity = [1]
            matrix4d xformOp:transform = ( (0.00003099815886398183, 0.0006069777036904807, 0.9999998153085738, 0), (-0.0072095844104832635, 0.9999738265380186, -0.0006067384451991175, 0), (-0.9999740101281347, -0.007209564271160122, 0.000035373404524974283, 0), (1.59854201773324, -0.6278800168135756, 0.8364342871740685, 1) )
            uniform token[] xformOpOrder = ["xformOp:transform"]
        }

        def Mesh "geom_25" (
            prepend apiSchemas = ["PhysicsCollisionAPI", "PhysicsMeshCollisionAPI"]
            prepend references = @./kitchen_with_physics/usd/Shape_IndexedFaceSet_Shape_IndexedFaceSet.272.usda@
        )
        {
            uniform token physics:approximation = "convexHull"
            bool physics:collisionEnabled = 1
            color3f[] primvars:displayColor = [(0.5, 0.5, 0.5)]
            float[] primvars:displayOpacity = [1]
            matrix4d xformOp:transform = ( (0, 0, 1, 0), (1, 0, 0, 0), (0, 1, 0, 0), (1.5646635019779205, 0.3, 0.041472490727901434, 1) )
            uniform token[] xformOpOrder = ["xformOp:transform"]
        }

        def Mesh "geom_26" (
            prepend apiSchemas = ["PhysicsCollisionAPI", "PhysicsMeshCollisionAPI"]
            prepend references = @./kitchen_with_physics/usd/Shape_IndexedFaceSet.044.usda@
        )
        {
            uniform token physics:approximation = "convexHull"
            bool physics:collisionEnabled = 1
            color3f[] primvars:displayColor = [(0.5, 0.5, 0.5)]
            float[] primvars:displayOpacity = [1]
            matrix4d xformOp:transform = ( (-0.000017616959942623467, -0.9999999998107967, 0.000008249230617818348, 0), (0.0008004529302709229, 0.000008235126428779438, 0.9999996796035935, 0), (-0.9999996794823235, 0.00001762355741879995, 0.0008004527850413723, 0), (1.5593387970917587, -0.25016204217442306, 0.7950923787243251, 1) )
            uniform token[] xformOpOrder = ["xformOp:transform"]
        }

        def Mesh "geom_27" (
            prepend apiSchemas = ["PhysicsCollisionAPI", "PhysicsMeshCollisionAPI"]
            prepend references = @./kitchen_with_physics/usd/Shape_IndexedFaceSet.045.usda@
        )
        {
            uniform token physics:approximation = "convexHull"
            bool physics:collisionEnabled = 1
            color3f[] primvars:displayColor = [(0.5, 0.5, 0.5)]
            float[] primvars:displayOpacity = [1]
            matrix4d xformOp:transform = ( (-0.1960819705122272, -0.980259404685583, 0.02536454938509479, 0), (0.9770589511220726, -0.19750341601150567, -0.07967563426808605, 0), (0.083112374964729, 0.009159704648786897, 0.9964980847640749, 0), (1.7630077319869641, -0.25747637425517617, 0.7413110551726839, 1) )
            uniform token[] xformOpOrder = ["xformOp:transform"]
        }

        def Mesh "geom_28" (
            prepend apiSchemas = ["PhysicsCollisionAPI", "PhysicsMeshCollisionAPI"]
            prepend references = @./kitchen_with_physics/usd/Shape_IndexedFaceSet.046.usda@
        )
        {
            uniform token physics:approximation = "convexHull"
            bool physics:collisionEnabled = 1
            color3f[] primvars:displayColor = [(0.5, 0.5, 0.5)]
            float[] primvars:displayOpacity = [1]
            matrix4d xformOp:transform = ( (0.07332286778969166, -0.9967106110810058, 0.03452122271333471, 0), (0.9893399952594226, 0.07706031019766157, 0.12356408204784333, 0), (-0.12581784785626157, 0.02509315346401137, 0.9917359541783539, 0), (1.351562538171468, -0.2554311755642136, 0.7772019103316914, 1) )
            uniform token[] xformOpOrder = ["xformOp:transform"]
        }

        def Mesh "geom_29" (
            prepend apiSchemas = ["PhysicsCollisionAPI", "PhysicsMeshCollisionAPI"]
            prepend references = @./kitchen_with_physics/usd/Shape_IndexedFaceSet.047.usda@
        )
        {
            uniform token physics:approximation = "convexHull"
            bool physics:collisionEnabled = 1
            color3f[] primvars:displayColor = [(0.5, 0.5, 0.5)]
            float[] primvars:displayOpacity = [1]
            matrix4d xformOp:transform = ( (-1, 0, 0, 0), (0, 0.0000316448743925557, 0.999999999499301, 0), (0, 0.999999999499301, -0.00003164487439244468, 0), (1.3119865706509213, -0.1702426530031538, 0.8365224646146029, 1) )
            uniform token[] xformOpOrder = ["xformOp:transform"]
        }

        def Mesh "geom_30" (
            prepend apiSchemas = ["PhysicsCollisionAPI", "PhysicsMeshCollisionAPI"]
            prepend references = @./kitchen_with_physics/usd/Shape_IndexedFaceSet.048.usda@
        )
        {
            uniform token physics:approximation = "convexHull"
            bool physics:collisionEnabled = 1
            color3f[] primvars:displayColor = [(0.5, 0.5, 0.5)]
            float[] primvars:displayOpacity = [1]
            matrix4d xformOp:transform = ( (-0.9756960701492932, -0.0017575421845352351, -0.21912117592942815, 0), (-0.21910077177277965, -0.008003432400827348, 0.9756694096251957, 0), (-0.0034685016647178213, 0.9999664274940809, 0.0074238386921378074, 0), (1.8055651546069413, -0.10729119251895018, 0.8394285996217823, 1) )
            uniform token[] xformOpOrder = ["xformOp:transform"]
        }

        def Mesh "geom_31" (
            prepend apiSchemas = ["PhysicsCollisionAPI", "PhysicsMeshCollisionAPI"]
            prepend references = @./kitchen_with_physics/usd/Shape_IndexedFaceSet.049.usda@
        )
        {
            uniform token physics:approximation = "convexHull"
            bool physics:collisionEnabled = 1
            color3f[] primvars:displayColor = [(0.5, 0.5, 0.5)]
            float[] primvars:displayOpacity = [1]
            matrix4d xformOp:transform = ( (-0.9953923621522018, 0, 0.09588558478238807, 0), (0.09588558478238807, -2.220446049250313e-16, 0.9953923621522016, 0), (0, 1.0000000000000002, -2.220446049250313e-16, 0), (1.7646158254788156, -0.40564948807938683, 0.7363900092027411, 1) )
            uniform token[] xformOpOrder = ["xformOp:transform"]
        }

        def Mesh "geom_32" (
            prepend apiSchemas = ["PhysicsCollisionAPI", "PhysicsMeshCollisionAPI"]
            prepend references = @./kitchen_with_physics/usd/Shape_IndexedFaceSet.050.usda@
        )
        {
            uniform token physics:approximation = "convexHull"
            bool physics:collisionEnabled = 1
            color3f[] primvars:displayColor = [(0.5, 0.5, 0.5)]
            float[] primvars:displayOpacity = [1]
            matrix4d xformOp:transform = ( (-0.0020436087044131135, -0.9995575052306009, -0.02967519840946109, 0), (0.004885822299945886, -0.029684886512428843, 0.9995473656876888, 0), (-0.9999859761036237, 0.001897695950847933, 0.004944324641600106, 0), (1.5737479977055193, 0.25784918454254924, 0.8373889878942897, 1) )
            uniform token[] xformOpOrder = ["xformOp:transform"]
        }

        def Mesh "geom_33" (
            prepend apiSchemas = ["PhysicsCollisionAPI", "PhysicsMeshCollisionAPI"]
            prepend references = @./kitchen_with_physics/usd/Shape_IndexedFaceSet.051.usda@
        )
        {
            uniform token physics:approximation = "convexHull"
            bool physics:collisionEnabled = 1
            color3f[] primvars:displayColor = [(0.5, 0.5, 0.5)]
            float[] primvars:displayOpacity = [1]
            matrix4d xformOp:transform = ( (-0.9954242865527076, 0.00000693993739872556, -0.09555359591805046, 0), (-0.09555082537517666, 0.0075430671017192585, 0.9953959724194293, 0), (0.000727675171555954, 0.999971550640585, -0.007507889071401541, 0), (1.3540389425306847, -0.4069025036171017, 0.7604175913176724, 1) )
            uniform token[] xformOpOrder = ["xformOp:transform"]
        }

        def Mesh "geom_34" (
            prepend apiSchemas = ["PhysicsCollisionAPI", "PhysicsMeshCollisionAPI"]
            prepend references = @./kitchen_with_physics/usd/Shape_IndexedFaceSet.052.usda@
        )
        {
            uniform token physics:approximation = "convexHull"
            bool physics:collisionEnabled = 1
            color3f[] primvars:displayColor = [(0.5, 0.5, 0.5)]
            float[] primvars:displayOpacity = [1]
            matrix4d xformOp:transform = ( (-0.9777285471674155, -0.005444702594624776, 0.2098028676342425, 0), (0.20975570864970883, 0.008137665764414881, 0.9777199604614633, 0), (-0.007030700018764227, 0.9999520656559309, -0.006814370674053105, 0), (1.7738739175854343, -0.3929537019293672, 0.8350266922149692, 1) )
            uniform token[] xformOpOrder = ["xformOp:transform"]
        }

        def Mesh "geom_35" (
            prepend apiSchemas = ["PhysicsCollisionAPI", "PhysicsMeshCollisionAPI"]
            prepend references = @./kitchen_with_physics/usd/Shape_IndexedFaceSet.053.usda@
        )
        {
            uniform token physics:approximation = "convexHull"
            bool physics:collisionEnabled = 1
            color3f[] primvars:displayColor = [(0.5, 0.5, 0.5)]
            float[] primvars:displayOpacity = [1]
            matrix4d xformOp:transform = ( (-0.004159321835493612, -0.9844948745156425, -0.17536402736678386, 0), (0.004363737247388477, -0.1753817436474856, 0.9844908337777469, 0), (-0.9999818287544553, 0.0033295716837026257, 0.005025546069686859, 0), (1.5488685374591176, -0.5634445853908276, 0.833855039944229, 1) )
            uniform token[] xformOpOrder = ["xformOp:transform"]
        }

        def Mesh "geom_36" (
            prepend apiSchemas = ["PhysicsCollisionAPI", "PhysicsMeshCollisionAPI"]
            prepend references = @./kitchen_with_physics/usd/Shape_IndexedFaceSet.054.usda@
        )
        {
            uniform token physics:approximation = "convexHull"
            bool physics:collisionEnabled = 1
            color3f[] primvars:displayColor = [(0.5, 0.5, 0.5)]
            float[] primvars:displayOpacity = [1]
            matrix4d xformOp:transform = ( (0.000050117859967890865, 0.005557419013859092, 0.9999845561717965, 0), (0.014670000770647753, 0.9998769447519213, -0.005557556203271253, 0), (-0.9998923884926766, 0.014670052742499665, -0.00003141564851394385, 0), (1.5464292917720648, -0.5806660715685876, 0.8535138037368213, 1) )
            uniform token[] xformOpOrder = ["xformOp:transform"]
        }

        def Mesh "geom_37" (
            prepend apiSchemas = ["PhysicsCollisionAPI", "PhysicsMeshCollisionAPI"]
            prepend references = @./kitchen_with_physics/usd/Shape_IndexedFaceSet.055.usda@
        )
        {
            uniform token physics:approximation = "convexHull"
            bool physics:collisionEnabled = 1
            color3f[] primvars:displayColor = [(0.5, 0.5, 0.5)]
            float[] primvars:displayOpacity = [1]
            matrix4d xformOp:transform = ( (0, -0.9980897708191603, -0.06178033170966413, 0), (0, -0.06178033170966413, 0.9980897708191603, 0), (-1, 0, 0, 0), (1.5622034866458416, -0.557156695666198, 0.7348546315371518, 1) )
            uniform token[] xformOpOrder = ["xformOp:transform"]
        }

        def Mesh "geom_38" (
            prepend apiSchemas = ["PhysicsCollisionAPI", "PhysicsMeshCollisionAPI"]
            prepend references = @./kitchen_with_physics/usd/Shape_IndexedFaceSet.056.usda@
        )
        {
            uniform token physics:approximation = "convexHull"
            bool physics:collisionEnabled = 1
            color3f[] primvars:displayColor = [(0.5, 0.5, 0.5)]
            float[] primvars:displayOpacity = [1]
            matrix4d xformOp:transform = ( (0, 0, 1, 0), (1, 0, 0, 0), (0, 1, 0, 0), (1.5549190001934767, 0.007368501201271999, 0.8535324998451747, 1) )
            uniform token[] xformOpOrder = ["xformOp:transform"]
        }

        def Mesh "geom_39" (
            prepend apiSchemas = ["PhysicsCollisionAPI", "PhysicsMeshCollisionAPI"]
            prepend references = @./kitchen_with_physics/usd/Shape_IndexedFaceSet.057.usda@
        )
        {
            uniform token physics:approximation = "convexHull"
            bool physics:collisionEnabled = 1
            color3f[] primvars:displayColor = [(0.5, 0.5, 0.5)]
            float[] primvars:displayOpacity = [1]
            matrix4d xformOp:transform = ( (-2.220446049250313e-16, 0, 1.0000000000000002, 0), (0, 1, 0, 0), (-1.0000000000000002, 0, -2.220446049250313e-16, 0), (1.5597740052640436, -0.4056494925916196, 0.6688999989569189, 1) )
            uniform token[] xformOpOrder = ["xformOp:transform"]
        }

        def Mesh "geom_40" (
            prepend apiSchemas = ["PhysicsCollisionAPI", "PhysicsMeshCollisionAPI"]
            prepend references = @./kitchen_with_physics/usd/Shape_IndexedFaceSet.058.usda@
        )
        {
            uniform token physics:approximation = "convexHull"
            bool physics:collisionEnabled = 1
            color3f[] primvars:displayColor = [(0.5, 0.5, 0.5)]
            float[] primvars:displayOpacity = [1]
            matrix4d xformOp:transform = ( (-0.00002065256537409077, -0.9950548299336661, 0.09932716143711645, 0), (0.0009962859519015432, 0.09932709168881737, 0.9950543383508981, 0), (-0.9999995034937637, 0.00011950868035531803, 0.0009893077891800495, 0), (1.5576692236131635, -0.24370668404721296, 0.8433200106494355, 1) )
            uniform token[] xformOpOrder = ["xformOp:transform"]
        }

        def Mesh "geom_41" (
            prepend apiSchemas = ["PhysicsCollisionAPI", "PhysicsMeshCollisionAPI"]
            prepend references = @./kitchen_with_physics/usd/Shape_IndexedFaceSet.059.usda@
        )
        {
            uniform token physics:approximation = "convexHull"
            bool physics:collisionEnabled = 1
            color3f[] primvars:displayColor = [(0.5, 0.5, 0.5)]
            float[] primvars:displayOpacity = [1]
            matrix4d xformOp:transform = ( (-0.9686340498379455, 0.23726360583605163, 0.07385160011953568, 0), (-0.24040116707698797, -0.9699739996977619, -0.03684723569480717, 0), (0.06289162394598491, -0.05344549799563376, 0.996588291312634, 0), (1.7670244122982925, -0.557911852169543, 0.7785790624626939, 1) )
            uniform token[] xformOpOrder = ["xformOp:transform"]
        }

        def Mesh "geom_42" (
            prepend apiSchemas = ["PhysicsCollisionAPI", "PhysicsMeshCollisionAPI"]
            prepend references = @./kitchen_with_physics/usd/Shape_IndexedFaceSet.060.usda@
        )
        {
            uniform token physics:approximation = "convexHull"
            bool physics:collisionEnabled = 1
            color3f[] primvars:displayColor = [(0.5, 0.5, 0.5)]
            float[] primvars:displayOpacity = [1]
            matrix4d xformOp:transform = ( (-0.400634456636342, -0.9145794533561835, -0.05510404390249259, 0), (0.914742620615189, -0.4026912132380762, 0.03295033855521242, 0), (-0.0523256169171463, -0.03720497654280946, 0.9979367813317079, 0), (1.3569009229133244, -0.5562117182510015, 0.7590630513332824, 1) )
            uniform token[] xformOpOrder = ["xformOp:transform"]
        }

        def Mesh "geom_43" (
            prepend apiSchemas = ["PhysicsCollisionAPI", "PhysicsMeshCollisionAPI"]
            prepend references = @./kitchen_with_physics/usd/Shape_IndexedFaceSet.061.usda@
        )
        {
            uniform token physics:approximation = "convexHull"
            bool physics:collisionEnabled = 1
            color3f[] primvars:displayColor = [(0.5, 0.5, 0.5)]
            float[] primvars:displayOpacity = [1]
            matrix4d xformOp:transform = ( (-0.0033298084395567695, -0.9905210119424908, 0.13732092803422274, 0), (0.009638882938015014, 0.1372835182047787, 0.9904848951725744, 0), (-0.9999480008037736, 0.004621745313460546, 0.009090388264227478, 0), (1.5544692018002961, -0.59538679679863, 0.8388078057607005, 1) )
            uniform token[] xformOpOrder = ["xformOp:transform"]
        }

        def Mesh "geom_44" (
            prepend apiSchemas = ["PhysicsCollisionAPI", "PhysicsMeshCollisionAPI"]
            prepend references = @./kitchen_with_physics/usd/Shape_IndexedFaceSet.062.usda@
        )
        {
            uniform token physics:approximation = "convexHull"
            bool physics:collisionEnabled = 1
            color3f[] primvars:displayColor = [(0.5, 0.5, 0.5)]
            float[] primvars:displayOpacity = [1]
            matrix4d xformOp:transform = ( (0.5129498952804404, -0.024798264872324217, 0.8580602840075442, 0), (-0.07990122436481269, 0.9938638542621856, 0.07648812676564264, 0), (-0.8546918738801659, -0.10779464388565511, 0.5078209482413814, 0), (1.7943470054344401, -0.5735823033562216, 0.8413144964517579, 1) )
            uniform token[] xformOpOrder = ["xformOp:transform"]
        }

        def Mesh "geom_45" (
            prepend apiSchemas = ["PhysicsCollisionAPI", "PhysicsMeshCollisionAPI"]
            prepend references = @./kitchen_with_physics/usd/Shape_IndexedFaceSet.063.usda@
        )
        {
            uniform token physics:approximation = "convexHull"
            bool physics:collisionEnabled = 1
            color3f[] primvars:displayColor = [(0.5, 0.5, 0.5)]
            float[] primvars:displayOpacity = [1]
            matrix4d xformOp:transform = ( (0.09842752412846179, 0.00012849291867517154, 0.9951442136612717, 0), (0.9951438498722642, 0.0008520453573778175, -0.09842759816290064, 0), (-0.0008605552565376096, 0.9999996287540704, -0.000044004222799820525, 0), (1.3330741533239654, -0.40646487140646603, 0.8519533695068237, 1) )
            uniform token[] xformOpOrder = ["xformOp:transform"]
        }

        def Mesh "geom_46" (
            prepend apiSchemas = ["PhysicsCollisionAPI", "PhysicsMeshCollisionAPI"]
            prepend references = @./kitchen_with_physics/usd/Shape_IndexedFaceSet.064.usda@
        )
        {
            uniform token physics:approximation = "convexHull"
            bool physics:collisionEnabled = 1
            color3f[] primvars:displayColor = [(0.5, 0.5, 0.5)]
            float[] primvars:displayOpacity = [1]
            matrix4d xformOp:transform = ( (0, -0.9990697303220645, 0.04312393713701923, 0), (0, 0.04312393713701912, 0.9990697303220645, 0), (-1, 0, 0, 0), (1.5597740025515294, -0.25698073914353226, 0.712419802726056, 1) )
            uniform token[] xformOpOrder = ["xformOp:transform"]
        }

        def Mesh "geom_47" (
            prepend apiSchemas = ["PhysicsCollisionAPI", "PhysicsMeshCollisionAPI"]
            prepend references = @./kitchen_with_physics/usd/Shape_IndexedFaceSet.065.usda@
        )
        {
            uniform token physics:approximation = "convexHull"
            bool physics:collisionEnabled = 1
            color3f[] primvars:displayColor = [(0.5, 0.5, 0.5)]
            float[] primvars:displayOpacity = [1]
            matrix4d xformOp:transform = ( (0.09908781656084797, 0, 0.9950786926716922, 0), (0.9950786926716922, -4.440892098500626e-16, -0.09908781656084831, 0), (0, 1.0000000000000004, -4.440892098500626e-16, 0), (1.799556467594459, -0.400790997307618, 0.8519557266937382, 1) )
            uniform token[] xformOpOrder = ["xformOp:transform"]
        }

        def Mesh "geom_48" (
            prepend apiSchemas = ["PhysicsCollisionAPI", "PhysicsMeshCollisionAPI"]
            prepend references = @./kitchen_with_physics/usd/Shape_IndexedFaceSet_Shape_IndexedFaceSet.140.usda@
        )
        {
            uniform token physics:approximation = "convexHull"
            bool physics:collisionEnabled = 1
            color3f[] primvars:displayColor = [(0.5, 0.5, 0.5)]
            float[] primvars:displayOpacity = [1]
            matrix4d xformOp:transform = ( (-0.9999999999840266, 0.000004702306633810223, 0.0000031363316148224695, 0), (0.0000031363382835773266, 0.0000014181813000613275, 0.9999999999940763, 0), (0.000004702302185895519, 0.9999999999879388, -0.0000014181960485970535, 0), (1.2847202910819648, -0.40000122435825725, 0.765223939485193, 1) )
            uniform token[] xformOpOrder = ["xformOp:transform"]
        }

        def Mesh "geom_49" (
            prepend apiSchemas = ["PhysicsCollisionAPI", "PhysicsMeshCollisionAPI"]
            prepend references = @./kitchen_with_physics/usd/Shape_IndexedFaceSet.001_Shape_IndexedFaceSet.174.usda@
        )
        {
            uniform token physics:approximation = "convexHull"
            bool physics:collisionEnabled = 1
            color3f[] primvars:displayColor = [(0.5, 0.5, 0.5)]
            float[] primvars:displayOpacity = [1]
            matrix4d xformOp:transform = ( (0.0014857584059688733, 0.0031751879055169252, 0.9999938553329835, 0), (0.010125379666621153, 0.9999436484744422, -0.0031900724487207823, 0), (-0.9999476332331438, 0.01013005712649102, 0.001453524698159847, 0), (1.5634931646968326, 0.31793666922817687, 0.7942742241810452, 1) )
            uniform token[] xformOpOrder = ["xformOp:transform"]
        }

        def Mesh "geom_50" (
            prepend apiSchemas = ["PhysicsCollisionAPI", "PhysicsMeshCollisionAPI"]
            prepend references = @./kitchen_with_physics/usd/Shape_IndexedFaceSet.002_Shape_IndexedFaceSet.175.usda@
        )
        {
            uniform token physics:approximation = "convexHull"
            bool physics:collisionEnabled = 1
            color3f[] primvars:displayColor = [(0.5, 0.5, 0.5)]
            float[] primvars:displayOpacity = [1]
            matrix4d xformOp:transform = ( (0, -1, 0, 0), (0, 0, 1, 0), (-1, 0, 0, 0), (1.547598995566368, -0.04060099944472306, 0.32355200385674837, 1) )
            uniform token[] xformOpOrder = ["xformOp:transform"]
        }

        def Mesh "geom_51" (
            prepend apiSchemas = ["PhysicsCollisionAPI", "PhysicsMeshCollisionAPI"]
            prepend references = @./kitchen_with_physics/usd/Shape_IndexedFaceSet.003_Shape_IndexedFaceSet.176.usda@
        )
        {
            uniform token physics:approximation = "convexHull"
            bool physics:collisionEnabled = 1
            color3f[] primvars:displayColor = [(0.5, 0.5, 0.5)]
            float[] primvars:displayOpacity = [1]
            matrix4d xformOp:transform = ( (0.0015128986040517933, -0.9999951688179645, 0.00271541498581801, 0), (0.011759183583161914, 0.0027330207518739824, 0.9999271234440177, 0), (-0.999929713899568, -0.0014808572858893698, 0.011763261555685522, 0), (1.5631389440006342, -0.03902968081368302, 0.6491850631567064, 1) )
            uniform token[] xformOpOrder = ["xformOp:transform"]
        }

        def Mesh "geom_52" (
            prepend apiSchemas = ["PhysicsCollisionAPI", "PhysicsMeshCollisionAPI"]
            prepend references = @./kitchen_with_physics/usd/Shape_IndexedFaceSet.004_Shape_IndexedFaceSet.177.usda@
        )
        {
            uniform token physics:approximation = "convexHull"
            bool physics:collisionEnabled = 1
            color3f[] primvars:displayColor = [(0.5, 0.5, 0.5)]
            float[] primvars:displayOpacity = [1]
            matrix4d xformOp:transform = ( (-0.9999736010905544, -0.0072661628105153975, 0, 0), (0.0072661628105153975, -0.9999736010905544, 0, 0), (0, 0, 1, 0), (1.8248331485636966, 0.32005111531717656, 0.4699874112103589, 1) )
            uniform token[] xformOpOrder = ["xformOp:transform"]
        }

        def Mesh "geom_53" (
            prepend apiSchemas = ["PhysicsCollisionAPI", "PhysicsMeshCollisionAPI"]
