#usda 1.0
(
    defaultPrim = "world"
    metersPerUnit = 1
    upAxis = "Z"
)

def Xform "world"
{
    def Xform "kitchen"
    {
        matrix4d xformOp:transform = ( (1, 0, 0, 0), (0, 1, 0, 0), (0, 0, 1, 0), (0, 0, 0, 1) )
        uniform token[] xformOpOrder = ["xformOp:transform"]

        def Xform "kitchen_root"
        {
            matrix4d xformOp:transform = ( (1, 0, 0, 0), (0, 1, 0, 0), (0, 0, 1, 0), (0, 0, 0, 1) )
            uniform token[] xformOpOrder = ["xformOp:transform"]

            def Cube "geom_0"
            {
                color3f[] primvars:displayColor = [(0.5, 0.5, 0.5)]
                float[] primvars:displayOpacity = [1]
                matrix4d xformOp:transform = ( (-0.2875, 0, 0, 0), (0, -0.8, 0, 0), (0, 0, 0.01, 0), (1.565, 0.525, 0.84, 1) )
                uniform token[] xformOpOrder = ["xformOp:transform"]
            }

            def Cube "geom_1"
            {
                color3f[] primvars:displayColor = [(0.5, 0.5, 0.5)]
                float[] primvars:displayOpacity = [1]
                matrix4d xformOp:transform = ( (0.4, 0, 0, 0), (0, 1.225, 0, 0), (0, 0, 0.01, 0), (-1.0655, 1.7492, 0.841, 1) )
                uniform token[] xformOpOrder = ["xformOp:transform"]
            }

            def Cube "geom_2"
            {
                color3f[] primvars:displayColor = [(0.5, 0.5, 0.5)]
                float[] primvars:displayOpacity = [1]
                matrix4d xformOp:transform = ( (-0.145, 0, 0, 0), (0, -0.25, 0, 0), (0, 0, 0.005, 0), (1.565, -1, 1, 1) )
                uniform token[] xformOpOrder = ["xformOp:transform"]
            }

            def Cube "geom_3"
            {
                color3f[] primvars:displayColor = [(0.5, 0.5, 0.5)]
                float[] primvars:displayOpacity = [1]
                matrix4d xformOp:transform = ( (-0.28, 0, 0, 0), (0, -0.25, 0, 0), (0, 0, 0.065, 0), (1.555, -1, 1.43, 1) )
                uniform token[] xformOpOrder = ["xformOp:transform"]
            }

            def Cube "geom_4"
            {
                color3f[] primvars:displayColor = [(0.5, 0.5, 0.5)]
                float[] primvars:displayOpacity = [1]
                matrix4d xformOp:transform = ( (-0.5687999999979974, 0.0000015093563039973429, 0, 0), (-1.9901849999964965e-7, -0.07499999999973594, 0, 0), (0, 0, 1.25, 0), (1.42151, -1.836, 1.25, 1) )
                uniform token[] xformOpOrder = ["xformOp:transform"]
            }

            def Cube "geom_5"
            {
                color3f[] primvars:displayColor = [(0.5, 0.5, 0.5)]
                float[] primvars:displayOpacity = [1]
                matrix4d xformOp:transform = ( (-0.000010992686391832153, 2.5909999999766815, 0, 0), (-0.07499999999932501, -3.181981780731036e-7, 0, 0), (0, 0, 1.25, 0), (1.91551, 0.68, 1.25, 1) )
                uniform token[] xformOpOrder = ["xformOp:transform"]
            }

            def Cube "geom_6"
            {
                color3f[] primvars:displayColor = [(0.5, 0.5, 0.5)]
                float[] primvars:displayOpacity = [1]
                matrix4d xformOp:transform = ( (-2.9504999999896118, 0.000007829387789986218, 0, 0), (-1.9901849999964965e-7, -0.07499999999973594, 0, 0), (0, 0, 1.25, 0), (-0.96, 3.196, 1.25, 1) )
                uniform token[] xformOpOrder = ["xformOp:transform"]
            }

            def Cube "geom_7"
            {
                color3f[] primvars:displayColor = [(0.5, 0.5, 0.5)]
                float[] primvars:displayOpacity = [1]
                matrix4d xformOp:transform = ( (-0.000009015615045404601, -2.1249999999808753, 0, 0), (0.07499999999932501, -3.181981780731036e-7, 0, 0), (0, 0, 0.35, 0), (-3.83549, 1.146, 0.35, 1) )
                uniform token[] xformOpOrder = ["xformOp:transform"]
            }

            def Cube "geom_8"
            {
                color3f[] primvars:displayColor = [(0.5, 0.5, 0.5)]
                float[] primvars:displayOpacity = [1]
                matrix4d xformOp:transform = ( (1.1366399859914804, 0.00017845247890033123, 0, 0), (-0.000011774999927439507, 0.0749999990756625, 0, 0), (0, 0, 0.35, 0), (-2.77385, -1.02376, 0.35, 1) )
                uniform token[] xformOpOrder = ["xformOp:transform"]
            }

            def Cube "geom_9"
            {
                color3f[] primvars:displayColor = [(0.5, 0.5, 0.5)]
                float[] primvars:displayOpacity = [1]
                matrix4d xformOp:transform = ( (-0.000002121321187154024, -0.49999999999550004, 0, 0), (0.07499999999932501, -3.181981780731036e-7, 0, 0), (0, -0, 0.35, 0), (-1.61, -1.44851, 0.35, 1) )
                uniform token[] xformOpOrder = ["xformOp:transform"]
            }

            def Cube "geom_10"
            {
                color3f[] primvars:displayColor = [(0.5, 0.5, 0.5)]
                float[] primvars:displayOpacity = [1]
                matrix4d xformOp:transform = ( (-0.7999999999971834, 0.000002122863999996263, 0, 0), (-1.9901849999964965e-7, -0.07499999999973594, 0, 0), (0, 0, 0.375, 0), (0.05271, -1.876, 0.375, 1) )
                uniform token[] xformOpOrder = ["xformOp:transform"]
            }

            def Mesh "geom_11" (
                prepend references = @./kitchen_no_physics/usd/geom_12.usda@
            )
            {
                color3f[] primvars:displayColor = [(0.5, 0.5, 0.5)]
                float[] primvars:displayOpacity = [1]
                matrix4d xformOp:transform = ( (-0.0000033340476250920403, -0.9999899458236995, 0.004484221270018419, 0), (0.9999994633546355, -0.000007979629462084858, -0.001035966585466056, 0), (0.001035991952099525, 0.004484215409619928, 0.9999894092103352, 0), (1.5646600105366124, 1.3144500135474906, 0.4390020141691442, 1) )
                uniform token[] xformOpOrder = ["xformOp:transform"]
            }

            def Mesh "geom_12" (
                prepend references = @./kitchen_no_physics/usd/geom_13.usda@
            )
            {
                color3f[] primvars:displayColor = [(0.5, 0.5, 0.5)]
                float[] primvars:displayOpacity = [1]
                matrix4d xformOp:transform = ( (0, 0, 1, 0), (1, 0, 0, 0), (0, 1, 0, 0), (1.56466, 0.953322, 0.0933230074505806, 1) )
                uniform token[] xformOpOrder = ["xformOp:transform"]
            }

            def Mesh "geom_13" (
                prepend references = @./kitchen_no_physics/usd/geom_14.usda@
            )
            {
                color3f[] primvars:displayColor = [(0.5, 0.5, 0.5)]
                float[] primvars:displayOpacity = [1]
                matrix4d xformOp:transform = ( (-0.000015125134502191884, -0.9999005385412436, -0.014103644782874847, 0), (0.002711958861817021, -0.014103633934870352, 0.9998968610756627, 0), (-0.9999963225184192, -0.00002312492994088755, 0.002711902445792669, 0), (1.5646599938822106, -0.712622996388368, 0.305988012049943, 1) )
                uniform token[] xformOpOrder = ["xformOp:transform"]
            }

            def Mesh "geom_14" (
                prepend references = @./kitchen_no_physics/usd/geom_15.usda@
            )
            {
                color3f[] primvars:displayColor = [(0.5, 0.5, 0.5)]
                float[] primvars:displayOpacity = [1]
                matrix4d xformOp:transform = ( (-0.012115778228251717, 0.00003219408075011421, 0.9999266007470075, 0), (0.9999265569230391, 0.00029820039264616405, 0.012115768096258805, 0), (-0.0002977884489437921, 0.9999999550200326, -0.00003580464614261203, 0), (1.8261800027977375, -0.1695969650948121, 0.836352006577141, 1) )
                uniform token[] xformOpOrder = ["xformOp:transform"]
            }

            def Mesh "geom_15" (
                prepend references = @./kitchen_no_physics/usd/geom_16.usda@
            )
            {
                color3f[] primvars:displayColor = [(0.5, 0.5, 0.5)]
                float[] primvars:displayOpacity = [1]
                matrix4d xformOp:transform = ( (-2.220446049250313e-16, 0.02872903851768819, 0.9995872359858591, 0), (0, 0.9995872359858589, -0.02872903851768819, 0), (-1.0000000000000002, 0, -2.220446049250313e-16, 0), (1.5646600171684142, 1.2632999923194914, 0.8342350041356367, 1) )
                uniform token[] xformOpOrder = ["xformOp:transform"]
            }

            def Mesh "geom_16" (
                prepend references = @./kitchen_no_physics/usd/geom_17.usda@
            )
            {
                color3f[] primvars:displayColor = [(0.5, 0.5, 0.5)]
                float[] primvars:displayOpacity = [1]
                matrix4d xformOp:transform = ( (-2.220446049250313e-16, -1.0000000000000002, -0, 0), (1.0000000000000002, -2.220446049250313e-16, 0, 0), (0, -0, 1, 0), (1.57503, 0.50047, 0.4596720149011612, 1) )
                uniform token[] xformOpOrder = ["xformOp:transform"]
            }

            def Mesh "geom_17" (
                prepend references = @./kitchen_no_physics/usd/geom_18.usda@
            )
            {
                color3f[] primvars:displayColor = [(0.5, 0.5, 0.5)]
                float[] primvars:displayOpacity = [1]
                matrix4d xformOp:transform = ( (0.00022061037009790674, -0.0016959193401458461, 0.9999985375932587, 0), (0.9999997166002439, 0.0007201859400612909, -0.00021938925114889374, 0), (-0.000719812820382304, 0.9999983025934611, 0.0016960777400095717, 0), (1.5649899871110067, 0.701255978409313, 0.8346189929043782, 1) )
                uniform token[] xformOpOrder = ["xformOp:transform"]
            }

            def Mesh "geom_18" (
                prepend references = @./kitchen_no_physics/usd/geom_19.usda@
            )
            {
                color3f[] primvars:displayColor = [(0.5, 0.5, 0.5)]
                float[] primvars:displayOpacity = [1]
                matrix4d xformOp:transform = ( (0, -0.9996836382012135, 0.02515200812629853, 0), (0, 0.025152008126298475, 0.9996836382012135, 0), (-1, 0, 0, 0), (1.5646600149914334, -0.7120970112036175, 0.710670013075563, 1) )
                uniform token[] xformOpOrder = ["xformOp:transform"]
            }

            def Mesh "geom_19" (
                prepend references = @./kitchen_no_physics/usd/geom_20.usda@
            )
            {
                color3f[] primvars:displayColor = [(0.5, 0.5, 0.5)]
                float[] primvars:displayOpacity = [1]
                matrix4d xformOp:transform = ( (-0.00011277496629102934, -0.004735516798009527, 0.9999887810182986, 0), (-0.025240571223343652, 0.9996702104563168, 0.004731161648332687, 0), (-0.999681399669978, -0.02523975449324156, -0.00023226492330574722, 0), (1.5705600059455196, 0.39687799969047405, 0.0953426007374862, 1) )
                uniform token[] xformOpOrder = ["xformOp:transform"]
            }

            def Mesh "geom_20" (
                prepend references = @./kitchen_no_physics/usd/geom_21.usda@
            )
            {
                color3f[] primvars:displayColor = [(0.5, 0.5, 0.5)]
                float[] primvars:displayOpacity = [1]
                matrix4d xformOp:transform = ( (0.007781775897496734, 0.0001032830582331501, 0.9999697161896911, 0), (0.9999638925420163, 0.0034136188933967526, -0.007782083157479802, 0), (-0.003414319273357891, 0.9999941682523259, -0.00007671531171693502, 0), (1.3011199957195285, -0.2367260040889016, 0.8363910075540634, 1) )
                uniform token[] xformOpOrder = ["xformOp:transform"]
            }

            def Mesh "geom_21" (
                prepend references = @./kitchen_no_physics/usd/geom_22.usda@
            )
            {
                color3f[] primvars:displayColor = [(0.5, 0.5, 0.5)]
                float[] primvars:displayOpacity = [1]
                matrix4d xformOp:transform = ( (-0.00011536359379626937, -0.0018803917659845348, 0.9999982254074494, 0), (0.9999392632823755, -0.01102092513708608, 0.00009463309804391695, 0), (0.011020727632136018, 0.9999374997148219, 0.0018815489706913713, 0), (1.570419998041469, -0.24924398396904257, 0.09527339976881455, 1) )
                uniform token[] xformOpOrder = ["xformOp:transform"]
            }

            def Mesh "geom_22" (
                prepend references = @./kitchen_no_physics/usd/geom_23.usda@
            )
            {
                color3f[] primvars:displayColor = [(0.5, 0.5, 0.5)]
                float[] primvars:displayOpacity = [1]
                matrix4d xformOp:transform = ( (1.1102230246251565e-16, -0.9999999999999999, 0, 0), (0.9999991788422776, 1.1102230246251565e-16, 0.0012815282947877319, 0), (-0.0012815282947877319, 0, 0.9999991788422776, 0), (1.574980001949154, -0.10093999245195003, 0.4662719976867859, 1) )
                uniform token[] xformOpOrder = ["xformOp:transform"]
            }

            def Mesh "geom_23" (
                prepend references = @./kitchen_no_physics/usd/geom_24.usda@
            )
            {
                color3f[] primvars:displayColor = [(0.5, 0.5, 0.5)]
                float[] primvars:displayOpacity = [1]
                matrix4d xformOp:transform = ( (0.00003175331994353936, 0.00060697169447331, 0.9999998152885275, 0), (-0.007209583009248141, 0.9999738265550705, -0.0006067269918065745, 0), (-0.9999740101145428, -0.007209562411959157, 0.00003612850166534454, 0), (1.5985400039745628, -0.6278799881142575, 0.8364340068896975, 1) )
                uniform token[] xformOpOrder = ["xformOp:transform"]
            }

            def Mesh "geom_24" (
                prepend references = @./kitchen_no_physics/usd/geom_25.usda@
            )
            {
                color3f[] primvars:displayColor = [(0.5, 0.5, 0.5)]
                float[] primvars:displayOpacity = [1]
                matrix4d xformOp:transform = ( (0, 0, 1, 0), (1, 0, 0, 0), (0, 1, 0, 0), (1.56466, 0.3, 0.04147250931322575, 1) )
                uniform token[] xformOpOrder = ["xformOp:transform"]
            }

            def Mesh "geom_25" (
                prepend references = @./kitchen_no_physics/usd/geom_26.usda@
            )
            {
                color3f[] primvars:displayColor = [(0.5, 0.5, 0.5)]
                float[] primvars:displayOpacity = [1]
                matrix4d xformOp:transform = ( (-0.000016996401268620787, -0.9999999998149998, 0.000009006811561240724, 0), (0.0008010003484454908, 0.000008993194549833383, 0.9999996791587307, 0), (-0.9999996790547305, 0.00001700361027467956, 0.0008010001954454893, 0), (1.5593400072835184, -0.25016199991393817, 0.7950919980030258, 1) )
                uniform token[] xformOpOrder = ["xformOp:transform"]
            }

            def Mesh "geom_26" (
                prepend references = @./kitchen_no_physics/usd/geom_27.usda@
            )
            {
                color3f[] primvars:displayColor = [(0.5, 0.5, 0.5)]
                float[] primvars:displayOpacity = [1]
                matrix4d xformOp:transform = ( (-0.196082210551493, -0.980259358403894, 0.025364482388302828, 0), (0.9770589069255783, -0.19750364936233877, -0.07967559780731387, 0), (0.08311232822292075, 0.009159626091978477, 0.9964980893846314, 0), (1.7630099980803813, -0.257476000763738, 0.7413109954053457, 1) )
                uniform token[] xformOpOrder = ["xformOp:transform"]
            }

            def Mesh "geom_27" (
                prepend references = @./kitchen_no_physics/usd/geom_28.usda@
            )
            {
                color3f[] primvars:displayColor = [(0.5, 0.5, 0.5)]
                float[] primvars:displayOpacity = [1]
                matrix4d xformOp:transform = ( (0.0733232516694865, -0.9967105784716462, 0.03452134886312515, 0), (0.9893399575350886, 0.07706070848216273, 0.12356413570569885, 0), (-0.12581792077872844, 0.025093225598626666, 0.9917359431017785, 0), (1.3515599950755521, -0.25543100055479045, 0.7772020054686175, 1) )
                uniform token[] xformOpOrder = ["xformOp:transform"]
            }

            def Mesh "geom_28" (
                prepend references = @./kitchen_no_physics/usd/geom_29.usda@
            )
            {
                color3f[] primvars:displayColor = [(0.5, 0.5, 0.5)]
                float[] primvars:displayOpacity = [1]
                matrix4d xformOp:transform = ( (-1.0000000000000004, 0, 0, 0), (0, 0.00003111268873678963, 0.9999999995160005, 0), (0, 0.9999999995160005, -0.000031112688737122696, 0), (1.311989999482265, -0.17024300275136706, 0.8365220005055191, 1) )
                uniform token[] xformOpOrder = ["xformOp:transform"]
            }

            def Mesh "geom_29" (
                prepend references = @./kitchen_no_physics/usd/geom_30.usda@
            )
            {
                color3f[] primvars:displayColor = [(0.5, 0.5, 0.5)]
                float[] primvars:displayOpacity = [1]
                matrix4d xformOp:transform = ( (-0.9756960728190842, -0.0017576179182831886, -0.2191211634340022, 0), (-0.21910075795680597, -0.008003651113218213, 0.9756694109336479, 0), (-0.0034686233826259627, 0.9999664256104361, 0.0074240355412862336, 0), (1.8055700019654475, -0.10729103844346194, 0.839428996806148, 1) )
                uniform token[] xformOpOrder = ["xformOp:transform"]
            }

            def Mesh "geom_30" (
                prepend references = @./kitchen_no_physics/usd/geom_31.usda@
            )
            {
                color3f[] primvars:displayColor = [(0.5, 0.5, 0.5)]
                float[] primvars:displayOpacity = [1]
                matrix4d xformOp:transform = ( (-0.9953923626618617, 0, 0.0958855794915857, 0), (0.0958855794915857, 0, 0.9953923626618616, 0), (0, 1, 0, 0), (1.76462000254569, -0.40564901487309696, 0.736390005914759, 1) )
                uniform token[] xformOpOrder = ["xformOp:transform"]
            }

            def Mesh "geom_31" (
                prepend references = @./kitchen_no_physics/usd/geom_32.usda@
            )
            {
                color3f[] primvars:displayColor = [(0.5, 0.5, 0.5)]
                float[] primvars:displayOpacity = [1]
                matrix4d xformOp:transform = ( (-0.002043751337069022, -0.9995575174670532, -0.029674776419948867, 0), (0.0048871878654823675, -0.02968446782405665, 0.9995473714460811, 0), (-0.9999859691391874, 0.0018978000696262542, 0.004945693041022325, 0), (1.5737499737591982, 0.2578489935301046, 0.8373889986034923, 1) )
                uniform token[] xformOpOrder = ["xformOp:transform"]
            }

            def Mesh "geom_32" (
                prepend references = @./kitchen_no_physics/usd/geom_33.usda@
            )
            {
                color3f[] primvars:displayColor = [(0.5, 0.5, 0.5)]
                float[] primvars:displayOpacity = [1]
                matrix4d xformOp:transform = ( (-0.9954242903307997, 0.000007076432337389804, -0.09555355654997505, 0), (-0.0955507854452261, 0.00754243259726195, 0.9953959810604606, 0), (0.0007277501120157501, 0.9999715554256733, -0.007507244456830042, 0), (1.3540399978072202, -0.40690300519349165, 0.7604180057620107, 1) )
                uniform token[] xformOpOrder = ["xformOp:transform"]
            }

            def Mesh "geom_33" (
                prepend references = @./kitchen_no_physics/usd/geom_34.usda@
            )
            {
                color3f[] primvars:displayColor = [(0.5, 0.5, 0.5)]
                float[] primvars:displayOpacity = [1]
                matrix4d xformOp:transform = ( (-0.9777285691265027, -0.005444684639175121, 0.2098027657659012, 0), (0.20975560757476708, 0.00813757045163721, 0.9777199829389216, 0), (-0.0070306617598904775, 0.9999520665293535, -0.006814281979302228, 0), (1.7738700018257183, -0.39295399207456677, 0.8350270004447421, 1) )
                uniform token[] xformOpOrder = ["xformOp:transform"]
            }

            def Mesh "geom_34" (
                prepend references = @./kitchen_no_physics/usd/geom_35.usda@
            )
            {
                color3f[] primvars:displayColor = [(0.5, 0.5, 0.5)]
                float[] primvars:displayOpacity = [1]
                matrix4d xformOp:transform = ( (-0.004159268104754421, -0.9844949045493148, -0.17536386003184434, 0), (0.004363782889357237, -0.1753815761951718, 0.9844908634061524, 0), (-0.999981828778767, 0.0033295116357688337, 0.005025581015161817, 0), (1.5488700024991564, -0.5634449977976631, 0.8338549993846431, 1) )
                uniform token[] xformOpOrder = ["xformOp:transform"]
            }

            def Mesh "geom_35" (
                prepend references = @./kitchen_no_physics/usd/geom_36.usda@
            )
            {
                color3f[] primvars:displayColor = [(0.5, 0.5, 0.5)]
                float[] primvars:displayOpacity = [1]
                matrix4d xformOp:transform = ( (0.00004925181952997182, 0.005557428307210838, 0.9999845561631782, 0), (0.014670011474808122, 0.9998769446138414, -0.005557552790420529, 0), (-0.999892388378663, 0.014670058633131793, -0.00003228177820902012, 0), (1.5464299926717815, -0.5806660011278414, 0.8535140000769261, 1) )
                uniform token[] xformOpOrder = ["xformOp:transform"]
            }

            def Mesh "geom_36" (
                prepend references = @./kitchen_no_physics/usd/geom_37.usda@
            )
            {
                color3f[] primvars:displayColor = [(0.5, 0.5, 0.5)]
                float[] primvars:displayOpacity = [1]
                matrix4d xformOp:transform = ( (1.1102230246251565e-16, -0.9980897645222351, -0.06178043343931028, 0), (0, -0.06178043343931017, 0.9980897645222351, 0), (-0.9999999999999999, 0, 1.1102230246251565e-16, 0), (1.562200023897059, -0.5571569964081693, 0.7348550024686918, 1) )
                uniform token[] xformOpOrder = ["xformOp:transform"]
            }

            def Mesh "geom_37" (
                prepend references = @./kitchen_no_physics/usd/geom_38.usda@
            )
            {
                color3f[] primvars:displayColor = [(0.5, 0.5, 0.5)]
                float[] primvars:displayOpacity = [1]
                matrix4d xformOp:transform = ( (0, 0, 1, 0), (1, 0, 0, 0), (0, 1, 0, 0), (1.55492, 0.007368492549419408, 0.8535320001164153, 1) )
                uniform token[] xformOpOrder = ["xformOp:transform"]
            }

            def Mesh "geom_38" (
                prepend references = @./kitchen_no_physics/usd/geom_39.usda@
            )
            {
                color3f[] primvars:displayColor = [(0.5, 0.5, 0.5)]
                float[] primvars:displayOpacity = [1]
                matrix4d xformOp:transform = ( (-2.220446049250313e-16, 0, 1.0000000000000002, 0), (-0, 1, 0, 0), (-1.0000000000000002, -0, -2.220446049250313e-16, 0), (1.5597699925494195, -0.405649, 0.6689000037252903, 1) )
                uniform token[] xformOpOrder = ["xformOp:transform"]
            }

            def Mesh "geom_39" (
                prepend references = @./kitchen_no_physics/usd/geom_40.usda@
            )
            {
                color3f[] primvars:displayColor = [(0.5, 0.5, 0.5)]
                float[] primvars:displayOpacity = [1]
                matrix4d xformOp:transform = ( (-0.000020486752747128634, -0.9950548480507224, 0.09932697997546802, 0), (0.0009962508192993824, 0.09932691039549246, 0.9950543564828964, 0), (-0.9999995035321759, 0.00011934001775026903, 0.0009892893217637866, 0), (1.5576700117605147, -0.2437069999097145, 0.8433199997462215, 1) )
                uniform token[] xformOpOrder = ["xformOp:transform"]
            }

            def Mesh "geom_40" (
                prepend references = @./kitchen_no_physics/usd/geom_41.usda@
            )
            {
                color3f[] primvars:displayColor = [(0.5, 0.5, 0.5)]
                float[] primvars:displayOpacity = [1]
                matrix4d xformOp:transform = ( (-0.9686342315526517, 0.23726287877440294, 0.07385155259090273, 0), (-0.24040044137983085, -0.9699741765931014, -0.03684731370015444, 0), (0.06289159919088086, -0.0534455152301674, 0.9965882919505906, 0), (1.7670199980399526, -0.5579120006949576, 0.7785790012246396, 1) )
                uniform token[] xformOpOrder = ["xformOp:transform"]
            }

            def Mesh "geom_41" (
                prepend references = @./kitchen_no_physics/usd/geom_42.usda@
            )
            {
                color3f[] primvars:displayColor = [(0.5, 0.5, 0.5)]
                float[] primvars:displayOpacity = [1]
                matrix4d xformOp:transform = ( (-0.4006353502667721, -0.9145790630496202, -0.0551040247885755, 0), (0.914742230210762, -0.40269210416113577, 0.03295028854681928, 0), (-0.05232559971622344, -0.03720492813534451, 0.9979367840383385, 0), (1.3569000018348323, -0.5562119966963347, 0.7590629975011688, 1) )
                uniform token[] xformOpOrder = ["xformOp:transform"]
            }

            def Mesh "geom_42" (
                prepend references = @./kitchen_no_physics/usd/geom_43.usda@
            )
            {
                color3f[] primvars:displayColor = [(0.5, 0.5, 0.5)]
                float[] primvars:displayOpacity = [1]
                matrix4d xformOp:transform = ( (-0.0033295396565014013, -0.9905211901616223, 0.13731964901818966, 0), (0.009638850754895789, 0.13728224182750948, 0.9904850723937932, 0), (-0.9999480020090048, 0.004621462930308795, 0.009090399253231629, 0), (1.5544700288159057, -0.5953870022875737, 0.8388080016593994, 1) )
                uniform token[] xformOpOrder = ["xformOp:transform"]
            }

            def Mesh "geom_43" (
                prepend references = @./kitchen_no_physics/usd/geom_44.usda@
            )
            {
                color3f[] primvars:displayColor = [(0.5, 0.5, 0.5)]
                float[] primvars:displayOpacity = [1]
                matrix4d xformOp:transform = ( (0.5129503260199251, -0.024798269799023255, 0.8580600263682183, 0), (-0.07990126606553813, 0.9938638437210672, 0.07648822017219517, 0), (-0.854691611469995, -0.10779473994106101, 0.5078213695029605, 0), (1.7943499997384604, -0.5735819928189795, 0.8413140007536681, 1) )
                uniform token[] xformOpOrder = ["xformOp:transform"]
            }

            def Mesh "geom_44" (
                prepend references = @./kitchen_no_physics/usd/geom_45.usda@
            )
            {
                color3f[] primvars:displayColor = [(0.5, 0.5, 0.5)]
                float[] primvars:displayOpacity = [1]
                matrix4d xformOp:transform = ( (0.0984272244039518, 0.00012912165849171542, 0.9951442432249364, 0), (0.995143879785132, 0.0008516719205304835, -0.09842729896291158, 0), (-0.0008602455049152025, 0.9999996289911997, -0.00004466692495519453, 0), (1.333069999824371, -0.40646500562210114, 0.8519529999996509, 1) )
                uniform token[] xformOpOrder = ["xformOp:transform"]
            }

            def Mesh "geom_45" (
                prepend references = @./kitchen_no_physics/usd/geom_46.usda@
            )
            {
                color3f[] primvars:displayColor = [(0.5, 0.5, 0.5)]
                float[] primvars:displayOpacity = [1]
                matrix4d xformOp:transform = ( (0, -0.9990697282682734, 0.04312398471800111, 0), (0, 0.04312398471800105, 0.9990697282682734, 0), (-1, 0, 0, 0), (1.5597699922515522, -0.2569809992363715, 0.7124200002159133, 1) )
                uniform token[] xformOpOrder = ["xformOp:transform"]
            }

            def Mesh "geom_46" (
                prepend references = @./kitchen_no_physics/usd/geom_47.usda@
            )
            {
                color3f[] primvars:displayColor = [(0.5, 0.5, 0.5)]
                float[] primvars:displayOpacity = [1]
                matrix4d xformOp:transform = ( (0.0990878555077287, 0, 0.995078688793444, 0), (0.995078688793444, -2.220446049250313e-16, -0.09908785550772886, 0), (0, 1.0000000000000002, -2.220446049250313e-16, 0), (1.7995599960564626, -0.40079099254186884, 0.8519560002246065, 1) )
                uniform token[] xformOpOrder = ["xformOp:transform"]
            }

            def Mesh "geom_47" (
                prepend references = @./kitchen_no_physics/usd/geom_48.usda@
            )
            {
                color3f[] primvars:displayColor = [(0.5, 0.5, 0.5)]
                float[] primvars:displayOpacity = [1]
                matrix4d xformOp:transform = ( (-0.9999999999840259, 0.000004702312265749922, 0.000003136336108954102, 0), (0.000003136342759027391, 0.000001414206750705027, 0.9999999999940817, 0), (0.0000047023078302943944, 0.9999999999879442, -0.000001414221498796664, 0), (1.2847199999157781, -0.4000009987457611, 0.7652239970139314, 1) )
                uniform token[] xformOpOrder = ["xformOp:transform"]
            }

            def Mesh "geom_48" (
                prepend references = @./kitchen_no_physics/usd/geom_49.usda@
            )
            {
                color3f[] primvars:displayColor = [(0.5, 0.5, 0.5)]
                float[] primvars:displayOpacity = [1]
                matrix4d xformOp:transform = ( (0.001485463978213808, 0.0031752017240516835, 0.9999938557265147, 0), (0.010125380300178417, 0.9999436484334565, -0.00319008328490622, 0), (-0.9999476336641568, 0.010130056840879939, 0.0014532301450058682, 0), (1.5634900093554265, 0.3179370012753177, 0.7942740033700844, 1) )
                uniform token[] xformOpOrder = ["xformOp:transform"]
            }

            def Mesh "geom_49" (
                prepend references = @./kitchen_no_physics/usd/geom_50.usda@
            )
            {
                color3f[] primvars:displayColor = [(0.5, 0.5, 0.5)]
                float[] primvars:displayOpacity = [1]
                matrix4d xformOp:transform = ( (0, -1, 0, 0), (0, 0, 1, 0), (-1, 0, 0, 0), (1.5476, -0.0406009962747097, 0.3235520074505806, 1) )
                uniform token[] xformOpOrder = ["xformOp:transform"]
            }

            def Mesh "geom_50" (
                prepend references = @./kitchen_no_physics/usd/geom_51.usda@
            )
            {
                color3f[] primvars:displayColor = [(0.5, 0.5, 0.5)]
                float[] primvars:displayOpacity = [1]
                matrix4d xformOp:transform = ( (0.001512984915235105, -0.9999951721309739, 0.0027141465307732315, 0), (0.0117587443200029, 0.002731752747868854, 0.9999271320746035, 0), (-0.9999297189346177, -0.0014809597120610252, 0.011762820651024963, 0), (1.5631399830408321, -0.03902970431069834, 0.6491850094495147, 1) )
                uniform token[] xformOpOrder = ["xformOp:transform"]
            }

            def Mesh "geom_51" (
                prepend references = @./kitchen_no_physics/usd/geom_52.usda@
            )
            {
                color3f[] primvars:displayColor = [(0.5, 0.5, 0.5)]
                float[] primvars:displayOpacity = [1]
                matrix4d xformOp:transform = ( (-0.9999736010023246, -0.007266174952762226, -0, 0), (0.007266174952762226, -0.9999736010023246, 0, 0), (0, -0, 1, 0), (1.824829996326155, 0.32005100159785616, 0.469986978350113, 1) )
                uniform token[] xformOpOrder = ["xformOp:transform"]
            }

            def Mesh "geom_52" (
                prepend references = @./kitchen_no_physics/usd/geom_53.usda@
            )
            {
                color3f[] primvars:displayColor = [(0.5, 0.5, 0.5)]
                float[] primvars:displayOpacity = [1]
                matrix4d xformOp:transform = ( (-2.220446049250313e-16, -1.0000000000000002, -0, 0), (1.0000000000000002, -2.220446049250313e-16, 0, 0), (0, -0, 1, 0), (1.5476, 0.44085099767169356, 0.469987, 1) )
                uniform token[] xformOpOrder = ["xformOp:transform"]
            }

            def Mesh "geom_53" (
                prepend references = @./kitchen_no_physics/usd/geom_54.usda@
            )
            {
                color3f[] primvars:displayColor = [(0.5, 0.5, 0.5)]
                float[] primvars:displayOpacity = [1]
                matrix4d xformOp:transform = ( (-2.220446049250313e-16, 0, 1.0000000000000002, 0), (-0, 1, 0, 0), (-1.0000000000000002, -0, -2.220446049250313e-16, 0), (1.5476, 0.0783880037252903, 0.795847, 1) )
                uniform token[] xformOpOrder = ["xformOp:transform"]
            }

            def Mesh "geom_54" (
                prepend references = @./kitchen_no_physics/usd/geom_55.usda@
            )
            {
                color3f[] primvars:displayColor = [(0.5, 0.5, 0.5)]
                float[] primvars:displayOpacity = [1]
                matrix4d xformOp:transform = ( (-0.9999822700647707, -0.00032075750526367765, -0.005946147553749572, 0), (0.00031521589860894115, -0.999999515187153, 0.0009328796257914797, 0), (-0.005946443899122329, 0.0009309887656517212, 0.9999818863683846, 0), (1.82487000704331, 0.07847839957008401, 0.651758007665609, 1) )
                uniform token[] xformOpOrder = ["xformOp:transform"]
            }

            def Mesh "geom_55" (
                prepend references = @./kitchen_no_physics/usd/geom_56.usda@
            )
            {
                color3f[] primvars:displayColor = [(0.5, 0.5, 0.5)]
                float[] primvars:displayOpacity = [1]
                matrix4d xformOp:transform = ( (-0.999963441577858, 0.008550760654236695, 0, 0), (-0.008550760654236695, -0.999963441577858, 0, 0), (0, 0, 1, 0), (1.8248100062456112, 0.060516697668814824, 0.32355200776633286, 1) )
                uniform token[] xformOpOrder = ["xformOp:transform"]
            }

            def Mesh "geom_56" (
                prepend references = @./kitchen_no_physics/usd/geom_57.usda@
            )
            {
                color3f[] primvars:displayColor = [(0.5, 0.5, 0.5)]
                float[] primvars:displayOpacity = [1]
                matrix4d xformOp:transform = ( (-2.220446049250313e-16, 0, 1.0000000000000002, 0), (-0, 1, 0, 0), (-1.0000000000000002, -0, -2.220446049250313e-16, 0), (1.56041, 0.199195, 0.145979, 1) )
                uniform token[] xformOpOrder = ["xformOp:transform"]
            }

            def Mesh "geom_57" (
                prepend references = @./kitchen_no_physics/usd/geom_58.usda@
            )
            {
                color3f[] primvars:displayColor = [(0.5, 0.5, 0.5)]
                float[] primvars:displayOpacity = [1]
                matrix4d xformOp:transform = ( (-0.0006057127046097399, -0.9999972248633671, 0.0022767032490059362, 0), (0.9999466841810714, -0.0005822099083934162, 0.010309695771616906, 0), (-0.010308341641612453, 0.002282826578417287, 0.9999442618443354, 0), (1.5576999537385063, 2.518539995357908, 0.7089739740717607, 1) )
                uniform token[] xformOpOrder = ["xformOp:transform"]
            }

            def Mesh "geom_58" (
                prepend references = @./kitchen_no_physics/usd/geom_59.usda@
            )
            {
                color3f[] primvars:displayColor = [(0.5, 0.5, 0.5)]
                float[] primvars:displayOpacity = [1]
                matrix4d xformOp:transform = ( (0.0017002510089715317, -0.9999748545268823, -0.006884726606625818, 0), (0.9999054058223495, 0.001606084111546835, 0.013660157432100879, 0), (-0.01364875649096413, -0.0069073010480307576, 0.9998829934739776, 0), (1.5596999869195116, 1.345060013353544, 0.666263026290486, 1) )
                uniform token[] xformOpOrder = ["xformOp:transform"]
            }

            def Mesh "geom_59" (
                prepend references = @./kitchen_no_physics/usd/geom_60.usda@
            )
            {
                color3f[] primvars:displayColor = [(0.5, 0.5, 0.5)]
                float[] primvars:displayOpacity = [1]
                matrix4d xformOp:transform = ( (-0.0006899999856706529, 0.00003399861594327591, 0.9999997613720284, 0), (0.9999997619420284, 0.000004011729521358198, 0.0006899998496705528, 0), (-0.000003988269524135557, 0.9999999994140001, -0.000034001375943004675, 0), (1.590279989641825, 1.9362799794736778, 0.07665196934636011, 1) )
                uniform token[] xformOpOrder = ["xformOp:transform"]
            }

            def Mesh "geom_60" (
                prepend references = @./kitchen_no_physics/usd/geom_61.usda@
            )
            {
                color3f[] primvars:displayColor = [(0.5, 0.5, 0.5)]
                float[] primvars:displayOpacity = [1]
                matrix4d xformOp:transform = ( (-2.220446049250313e-16, -1.0000000000000002, -0, 0), (1.0000000000000002, -2.220446049250313e-16, 0, 0), (0, -0, 1, 0), (1.6030100074505806, 2.22026, 0.777585, 1) )
                uniform token[] xformOpOrder = ["xformOp:transform"]
            }

            def Mesh "geom_61" (
                prepend references = @./kitchen_no_physics/usd/geom_62.usda@
            )
            {
                color3f[] primvars:displayColor = [(0.5, 0.5, 0.5)]
                float[] primvars:displayOpacity = [1]
                matrix4d xformOp:transform = ( (-2.4338609017071633e-7, -0.9999999996619999, -0.000025998865608667376, 0), (0.01872118315086263, -0.00002599886560883391, 0.9998247429552296, 0), (-0.9998247432932299, -2.4338608989316057e-7, 0.018721183150862464, 0), (1.5681700002665644, 2.220249999330741, 1.4603099993396689, 1) )
                uniform token[] xformOpOrder = ["xformOp:transform"]
            }

            def Mesh "geom_62" (
                prepend references = @./kitchen_no_physics/usd/geom_63.usda@
            )
            {
                color3f[] primvars:displayColor = [(0.5, 0.5, 0.5)]
                float[] primvars:displayOpacity = [1]
                matrix4d xformOp:transform = ( (-0.0002519911569434097, 0.011762730997791595, 0.9999307849346027, 0), (0.000677699963826761, 0.9999305890681772, -0.01176255790748912, 0), (-0.9999997386115739, 0.0006746889962037251, -0.0002599452683742509, 0), (1.554279963404776, 2.3918799856704696, 1.4921100138061063, 1) )
                uniform token[] xformOpOrder = ["xformOp:transform"]
            }

            def Mesh "geom_63" (
                prepend references = @./kitchen_no_physics/usd/geom_64.usda@
            )
            {
                color3f[] primvars:displayColor = [(0.5, 0.5, 0.5)]
                float[] primvars:displayOpacity = [1]
                matrix4d xformOp:transform = ( (-2.220446049250313e-16, -1.0000000000000002, -0, 0), (1.0000000000000002, -2.220446049250313e-16, 0, 0), (0, -0, 1, 0), (1.6030100074505806, 1.64271, 0.8098500298023223, 1) )
                uniform token[] xformOpOrder = ["xformOp:transform"]
            }

            def Mesh "geom_64" (
                prepend references = @./kitchen_no_physics/usd/geom_65.usda@
            )
            {
                color3f[] primvars:displayColor = [(0.5, 0.5, 0.5)]
                float[] primvars:displayOpacity = [1]
                matrix4d xformOp:transform = ( (0.0006458507769226962, -0.007898709634424406, 0.9999685961383415, 0), (0.9999995319104539, 0.0007255342299397061, -0.000640139793256278, 0), (-0.0007204551670110249, 0.9999685414982777, 0.007899174523966712, 0), (1.5553800105219457, 1.7406799970678197, 1.4892999884410445, 1) )
                uniform token[] xformOpOrder = ["xformOp:transform"]
            }

            def Mesh "geom_65" (
                prepend references = @./kitchen_no_physics/usd/geom_66.usda@
            )
            {
                color3f[] primvars:displayColor = [(0.5, 0.5, 0.5)]
                float[] primvars:displayOpacity = [1]
                matrix4d xformOp:transform = ( (-2.220446049250313e-16, 0, 1.0000000000000002, 0), (-0, 1, 0, 0), (-1.0000000000000002, -0, -2.220446049250313e-16, 0), (1.55939, 1.92916, 1.4107000037252904, 1) )
                uniform token[] xformOpOrder = ["xformOp:transform"]
            }

            def Mesh "geom_66" (
                prepend references = @./kitchen_no_physics/usd/geom_67.usda@
            )
            {
                color3f[] primvars:displayColor = [(0.5, 0.5, 0.5)]
                float[] primvars:displayOpacity = [1]
